step,epoch,lr,train_loss,train_acc,timestamp,timestamp_fmt,duration,duration_fmt,val_loss,val_acc
1,1,0.005,1.9057662353515625,0.2872,1744123017.075176,2025/04/08 23:36:57,6.044349908828735,6.0s,,
2,2,0.004999922894111975,1.6560722284317018,0.3762,1744123022.5050888,2025/04/08 23:37:02,11.474262714385986,11.5s,,
3,3,0.004999691581204152,1.560774893951416,0.4252,1744123027.953964,2025/04/08 23:37:07,16.9231379032135,16.9s,,
4,4,0.004999306075545002,1.4804040672302246,0.4594,1744123036.910975,2025/04/08 23:37:16,25.880148887634277,25.9s,1.4661723457336426,0.4607
5,5,0.0049987664009143295,1.4305773229599,0.4748,1744123042.4392204,2025/04/08 23:37:22,31.40839433670044,31.4s,,
6,6,0.004998072590601808,1.4314291437149047,0.4628,1744123047.8911579,2025/04/08 23:37:27,36.860331773757935,36.9s,,
7,7,0.004997224687404926,1.381087439918518,0.4964,1744123053.3620522,2025/04/08 23:37:33,42.331226110458374,42.3s,,
8,8,0.004996222743626346,1.346227075958252,0.5044,1744123062.2614236,2025/04/08 23:37:42,51.230597496032715,51.2s,1.5176543192863465,0.479
9,9,0.00499506682107068,1.3328781658172608,0.512,1744123067.7442627,2025/04/08 23:37:47,56.71343660354614,56.7s,,
10,10,0.004993756991040676,1.3032811052322388,0.5288,1744123073.1747239,2025/04/08 23:37:53,62.14389777183533,1.0m,,
11,11,0.004992293334332821,1.295322360420227,0.5262,1744123078.6090841,2025/04/08 23:37:58,67.57825803756714,1.1m,,
12,12,0.004990675941232354,1.246414153289795,0.5476,1744123087.5428839,2025/04/08 23:38:07,76.51205778121948,1.3m,1.2615274615287781,0.5407
13,13,0.004988904911507701,1.2360261499404908,0.5532,1744123093.025352,2025/04/08 23:38:13,81.99452590942383,1.4m,,
14,14,0.004986980354404317,1.2125019874572753,0.557,1744123098.4602427,2025/04/08 23:38:18,87.42941665649414,1.5m,,
15,15,0.00498490238863795,1.192805265903473,0.5714,1744123103.9041953,2025/04/08 23:38:23,92.87336921691895,1.5m,,
16,16,0.0049826711423873165,1.14946362991333,0.5828,1744123112.8234487,2025/04/08 23:38:32,101.79262256622314,1.7m,1.3314920337677,0.5397
17,17,0.004980286753286195,1.1592404504776002,0.579,1744123118.3148549,2025/04/08 23:38:38,107.28402876853943,1.8m,,
18,18,0.004977749368414937,1.1223595308303833,0.594,1744123123.7479165,2025/04/08 23:38:43,112.71709036827087,1.9m,,
19,19,0.0049750591442913935,1.1225228610992433,0.5946,1744123129.174413,2025/04/08 23:38:49,118.14358687400818,2.0m,,
20,20,0.004972216246861261,1.1122374490737914,0.5936,1744123138.105056,2025/04/08 23:38:58,127.07422995567322,2.1m,1.212525722503662,0.5774
21,21,0.004969220851487844,1.0768294898986817,0.616,1744123143.5849922,2025/04/08 23:39:03,132.5541660785675,2.2m,,
22,22,0.004966073142941238,1.0519759586334227,0.6206,1744123149.0226986,2025/04/08 23:39:09,137.991872549057,2.3m,,
23,23,0.004962773315386935,1.0656724082946778,0.6224,1744123154.4811366,2025/04/08 23:39:14,143.4503104686737,2.4m,,
24,24,0.00495932157237384,1.1003200022697448,0.6062,1744123163.4175372,2025/04/08 23:39:23,152.38671112060547,2.5m,1.2835479035377502,0.5615
25,25,0.004955718126821723,1.0263611583709717,0.6346,1744123168.9188738,2025/04/08 23:39:28,157.8880476951599,2.6m,,
26,26,0.004951963201008077,1.0530743007659913,0.6192,1744123174.365221,2025/04/08 23:39:34,163.3343949317932,2.7m,,
27,27,0.004948057026554415,1.0292388570785522,0.6344,1744123179.7929764,2025/04/08 23:39:39,168.76215028762817,2.8m,,
28,28,0.004943999844411978,0.9988737060546875,0.6388,1744123188.6919637,2025/04/08 23:39:48,177.66113758087158,3.0m,1.204132650566101,0.5839
29,29,0.004939791904846869,0.9957686599731446,0.6456,1744123194.1948946,2025/04/08 23:39:54,183.16406846046448,3.1m,,
30,30,0.0049354334674246245,0.9853833486557007,0.6454,1744123199.6461518,2025/04/08 23:39:59,188.6153256893158,3.1m,,
31,31,0.004930924800994192,0.9492064056396484,0.6602,1744123205.0804012,2025/04/08 23:40:05,194.04957509040833,3.2m,,
32,32,0.004926266183671356,0.9373039304733276,0.6714,1744123213.9909048,2025/04/08 23:40:13,202.96007871627808,3.4m,1.1703050411224365,0.5886
33,33,0.004921457902821578,0.9449869979858398,0.659,1744123219.5095642,2025/04/08 23:40:19,208.4787380695343,3.5m,,
34,34,0.004916500255042268,0.9447980054855347,0.6654,1744123224.9715588,2025/04/08 23:40:24,213.94073271751404,3.6m,,
35,35,0.004911393546144495,0.9129642586708069,0.6792,1744123230.4193795,2025/04/08 23:40:30,219.3885533809662,3.7m,,
36,36,0.004906138091134118,0.8839125949859619,0.687,1744123239.376837,2025/04/08 23:40:39,228.34601092338562,3.8m,1.1503745838165282,0.6091
37,37,0.004900734214192357,0.9081923957824707,0.6788,1744123244.8768086,2025/04/08 23:40:44,233.8459825515747,3.9m,,
38,38,0.004895182248655797,0.88556565284729,0.686,1744123250.3182585,2025/04/08 23:40:50,239.28743243217468,4.0m,,
39,39,0.004889482536995824,0.8993851978302002,0.6822,1744123255.7533522,2025/04/08 23:40:55,244.7225260734558,4.1m,,
40,40,0.004883635430797502,0.8850462610244751,0.6884,1744123264.6994174,2025/04/08 23:41:04,253.66859126091003,4.2m,1.1123436846733092,0.619
41,41,0.004877641290737883,0.8705368147850037,0.6836,1744123270.2015982,2025/04/08 23:41:10,259.1707720756531,4.3m,,
42,42,0.00487150048656376,0.8345368631362915,0.6986,1744123275.6468,2025/04/08 23:41:15,264.6159739494324,4.4m,,
43,43,0.0048652133970688615,0.8389250413894653,0.699,1744123281.0979042,2025/04/08 23:41:21,270.0670781135559,4.5m,,
44,44,0.004858780410070483,0.8691308135986329,0.6824,1744123290.0220025,2025/04/08 23:41:30,278.99117636680603,4.6m,1.0824199571609496,0.6286
45,45,0.0048522019223855625,0.8754648872375488,0.687,1744123295.5732236,2025/04/08 23:41:35,284.5423974990845,4.7m,,
46,46,0.0048454783398062095,0.841392385482788,0.6954,1744123301.0446756,2025/04/08 23:41:41,290.01384949684143,4.8m,,
47,47,0.004838610077074668,0.830492205619812,0.7038,1744123306.4785383,2025/04/08 23:41:46,295.44771218299866,4.9m,,
48,48,0.004831597557857735,0.7943685806274414,0.7238,1744123315.4425018,2025/04/08 23:41:55,304.4116756916046,5.1m,1.149019613456726,0.62
49,49,0.004824441214720628,0.8246386896133423,0.7044,1744123320.931582,2025/04/08 23:42:00,309.9007558822632,5.2m,,
50,50,0.0048171414891003015,0.8093036281585694,0.7096,1744123326.3979366,2025/04/08 23:42:06,315.36711049079895,5.3m,,
51,51,0.004809698831278217,0.791828611946106,0.72,1744123331.8917944,2025/04/08 23:42:11,320.86096835136414,5.3m,,
52,52,0.004802113700352566,0.7772597074508667,0.7272,1744123340.828171,2025/04/08 23:42:20,329.7973449230194,5.5m,1.0753169502258302,0.643
53,53,0.0047943865642099525,0.787363707447052,0.7248,1744123346.3835766,2025/04/08 23:42:26,335.35275053977966,5.6m,,
54,54,0.004786517899496534,0.7464796724319458,0.7278,1744123351.8461077,2025/04/08 23:42:31,340.8152816295624,5.7m,,
55,55,0.004778508191588613,0.7476625743865967,0.7374,1744123357.3047795,2025/04/08 23:42:37,346.2739534378052,5.8m,,
56,56,0.0047703579345627035,0.7448903163909912,0.7368,1744123366.248505,2025/04/08 23:42:46,355.2176790237427,5.9m,1.0990331426620483,0.6366
57,57,0.004762067631165049,0.721601283454895,0.7412,1744123371.738009,2025/04/08 23:42:51,360.7071828842163,6.0m,,
58,58,0.004753637792780614,0.6894212423324585,0.75,1744123377.1748912,2025/04/08 23:42:57,366.14406514167786,6.1m,,
59,59,0.00474506893940154,0.7014996266365051,0.747,1744123382.6367328,2025/04/08 23:43:02,371.6059067249298,6.2m,,
60,60,0.004736361599595063,0.6978518283843994,0.7568,1744123391.626666,2025/04/08 23:43:11,380.5958399772644,6.3m,1.0800991495132446,0.6549
61,61,0.00472751631047092,0.7039730365276337,0.7482,1744123397.146534,2025/04/08 23:43:17,386.1157078742981,6.4m,,
62,62,0.004718533617648209,0.6814544622421265,0.7538,1744123402.6150994,2025/04/08 23:43:22,391.58427333831787,6.5m,,
63,63,0.0047094140752217345,0.6574820499420166,0.772,1744123408.092778,2025/04/08 23:43:28,397.06195187568665,6.6m,,
64,64,0.004700158245727831,0.6642920819282532,0.7712,1744123417.0342617,2025/04/08 23:43:37,406.00343561172485,6.8m,1.1559966184616088,0.6344
65,65,0.004690766700109659,0.6448542452335357,0.7614,1744123422.5124373,2025/04/08 23:43:42,411.48161125183105,6.9m,,
66,66,0.004681240017681994,0.6556244422912597,0.762,1744123427.9437084,2025/04/08 23:43:47,416.91288232803345,6.9m,,
67,67,0.0046715787860954795,0.6921445804595947,0.7568,1744123433.3896601,2025/04/08 23:43:53,422.358834028244,7.0m,,
68,68,0.004661783601300389,0.6294906339645385,0.7776,1744123442.3088956,2025/04/08 23:44:02,431.2780694961548,7.2m,1.0783627484321594,0.6518
69,69,0.00465185506750986,0.6254671457290649,0.781,1744123447.836864,2025/04/08 23:44:07,436.80603790283203,7.3m,,
70,70,0.004641793797162626,0.6511940580368042,0.7678,1744123453.3291183,2025/04/08 23:44:13,442.2982921600342,7.4m,,
71,71,0.004631600410885232,0.6264239803314209,0.7726,1744123458.7767563,2025/04/08 23:44:18,447.74593019485474,7.5m,,
72,72,0.0046212755374537605,0.5991241711616516,0.7908,1744123467.728058,2025/04/08 23:44:27,456.69723200798035,7.6m,1.1032725325584412,0.6509
73,73,0.0046108198137550386,0.5940705675125122,0.7882,1744123473.3057551,2025/04/08 23:44:33,462.27492904663086,7.7m,,
74,74,0.004600233884747356,0.6435100776672363,0.769,1744123478.8242779,2025/04/08 23:44:38,467.79345178604126,7.8m,,
75,75,0.004589518403420677,0.6118456726074218,0.7872,1744123484.3441591,2025/04/08 23:44:44,473.3133330345154,7.9m,,
76,76,0.004578674030756364,0.6136746870040893,0.7762,1744123493.3461785,2025/04/08 23:44:53,482.31535243988037,8.0m,1.1494463518142701,0.6455
77,77,0.004567701435686405,0.6415941408157348,0.7676,1744123498.8628392,2025/04/08 23:44:58,487.832013130188,8.1m,,
78,78,0.004556601295052151,0.5852374990463257,0.792,1744123504.3502467,2025/04/08 23:45:04,493.3194205760956,8.2m,,
79,79,0.004545374293562559,0.5775959497451782,0.7946,1744123509.883748,2025/04/08 23:45:09,498.85292196273804,8.3m,,
80,80,0.004534021123751969,0.6157968803405762,0.7808,1744123518.8520668,2025/04/08 23:45:18,507.82124066352844,8.5m,1.1441480417251586,0.6506
81,81,0.004522542485937369,0.6411647892475129,0.774,1744123524.390847,2025/04/08 23:45:24,513.3600208759308,8.6m,,
82,82,0.004510939088175212,0.5686167741775513,0.7992,1744123529.8607206,2025/04/08 23:45:29,518.8298945426941,8.6m,,
83,83,0.004499211646217728,0.6004762254714966,0.7908,1744123535.3745332,2025/04/08 23:45:35,524.3437070846558,8.7m,,
84,84,0.004487360883468777,0.579197010421753,0.7894,1744123544.329104,2025/04/08 23:45:44,533.2982778549194,8.9m,1.1058365524291993,0.6594
85,85,0.0044753875309392266,0.5805556023597718,0.7914,1744123549.884232,2025/04/08 23:45:49,538.8534059524536,9.0m,,
86,86,0.0044632923272018635,0.528864877319336,0.8124,1744123555.3720913,2025/04/08 23:45:55,544.3412652015686,9.1m,,
87,87,0.004451076018345826,0.537690892982483,0.8154,1744123560.8779604,2025/04/08 23:46:00,549.8471343517303,9.2m,,
88,88,0.0044387393579305885,0.5242501328468323,0.8126,1744123569.854297,2025/04/08 23:46:09,558.8234708309174,9.3m,1.2137171918869019,0.6386
89,89,0.004426283106939475,0.5371612048149109,0.8158,1744123575.38241,2025/04/08 23:46:15,564.3515839576721,9.4m,,
90,90,0.004413708033732723,0.5138470714569092,0.8176,1744123580.9064424,2025/04/08 23:46:20,569.875616312027,9.5m,,
91,91,0.00440101491400008,0.540656903553009,0.8064,1744123586.4041853,2025/04/08 23:46:26,575.3733592033386,9.6m,,
92,92,0.004388204530712961,0.5409360382080078,0.8124,1744123595.4025729,2025/04/08 23:46:35,584.3717467784882,9.7m,1.1825926017284394,0.6506
93,93,0.004375277674076151,0.5313598485946656,0.8118,1744123600.9878967,2025/04/08 23:46:40,589.9570705890656,9.8m,,
94,94,0.004362235141479057,0.508215744972229,0.8184,1744123606.5518181,2025/04/08 23:46:46,595.5209920406342,9.9m,,
95,95,0.0043490777374465255,0.5090479284286499,0.81,1744123612.1097932,2025/04/08 23:46:52,601.0789670944214,10.0m,,
96,96,0.004335806273589216,0.5235347697257996,0.814,1744123621.1018755,2025/04/08 23:47:01,610.071049451828,10.2m,1.2292384872436524,0.6487
97,97,0.0043224215685535305,0.4775510066986084,0.83,1744123626.6825066,2025/04/08 23:47:06,615.6516804695129,10.3m,,
98,98,0.004308924447971124,0.4774302116394043,0.8332,1744123632.2072952,2025/04/08 23:47:12,621.1764690876007,10.4m,,
99,99,0.004295315744407973,0.48411819648742677,0.8284,1744123637.6844683,2025/04/08 23:47:17,626.6536421775818,10.4m,,
100,100,0.004281596297313014,0.4867403395652771,0.8248,1744123646.6227512,2025/04/08 23:47:26,635.5919251441956,10.6m,1.1454164470672608,0.6647
101,101,0.004267766952966369,0.4737842087745667,0.8354,1744123652.1349876,2025/04/08 23:47:32,641.1041615009308,10.7m,,
102,102,0.00425382856442714,0.4576155637741089,0.8408,1744123657.5937603,2025/04/08 23:47:37,646.5629341602325,10.8m,,
103,103,0.004239781991480786,0.48297085056304934,0.8278,1744123663.0619943,2025/04/08 23:47:43,652.0311682224274,10.9m,,
104,104,0.004225628100586094,0.485290488243103,0.8302,1744123672.008815,2025/04/08 23:47:52,660.9779889583588,11.0m,1.1698479692459107,0.6589
105,105,0.004211367764821722,0.49567847537994386,0.8198,1744123677.5562162,2025/04/08 23:47:57,666.5253901481628,11.1m,,
106,106,0.004197001863832355,0.4531222354888916,0.8414,1744123683.035604,2025/04/08 23:48:03,672.0047779083252,11.2m,,
107,107,0.004182531283774433,0.44202624969482424,0.8426,1744123688.5354753,2025/04/08 23:48:08,677.5046491622925,11.3m,,
108,108,0.004167956917261499,0.4253288719177246,0.8484,1744123697.4583333,2025/04/08 23:48:17,686.4275071620941,11.4m,1.181128232574463,0.661
109,109,0.004153279663309129,0.4524663236618042,0.8384,1744123702.9615881,2025/04/08 23:48:22,691.930762052536,11.5m,,
110,110,0.004138500427279485,0.43168870992660524,0.8482,1744123708.4117723,2025/04/08 23:48:28,697.3809461593628,11.6m,,
111,111,0.004123620120825459,0.4127155382156372,0.8552,1744123713.8480477,2025/04/08 23:48:33,702.8172216415405,11.7m,,
112,112,0.0041086396618344465,0.4792525249481201,0.8256,1744123722.7537463,2025/04/08 23:48:42,711.7229201793671,11.9m,1.1508692142486572,0.6647
113,113,0.004093559974371723,0.48550514698028563,0.8252,1744123728.2460408,2025/04/08 23:48:48,717.2152147293091,12.0m,,
114,114,0.0040783819886234425,0.445218426322937,0.8444,1744123733.6947174,2025/04/08 23:48:53,722.6638913154602,12.0m,,
115,115,0.004063106640839262,0.45170276927948,0.8404,1744123739.1281753,2025/04/08 23:48:59,728.0973491668701,12.1m,,
116,116,0.004047734873274584,0.4323721003055572,0.847,1744123748.0315971,2025/04/08 23:49:08,737.0007710456848,12.3m,1.1746564908981323,0.6631
117,117,0.00403226763413244,0.3922823784828186,0.8644,1744123753.543685,2025/04/08 23:49:13,742.5128588676453,12.4m,,
118,118,0.004016705877504997,0.3910764112472534,0.8638,1744123759.0277636,2025/04/08 23:49:19,747.9969375133514,12.5m,,
119,119,0.004001050563314708,0.43518649016618727,0.8472,1744123764.4827437,2025/04/08 23:49:24,753.4519176483154,12.6m,,
120,120,0.0039853026572550946,0.3713179836273193,0.8716,1744123773.4310274,2025/04/08 23:49:33,762.4002013206482,12.7m,1.1713074689865113,0.669
121,121,0.003969463130731181,0.3898431999206543,0.8638,1744123778.936846,2025/04/08 23:49:38,767.9060199260712,12.8m,,
122,122,0.0039535329607995745,0.3776403373718262,0.8672,1744123784.4217546,2025/04/08 23:49:44,773.3909285068512,12.9m,,
123,123,0.003937513130108195,0.40768190937042237,0.8574,1744123789.891245,2025/04/08 23:49:49,778.8604187965393,13.0m,,
124,124,0.003921404626835659,0.40721184310913083,0.8576,1744123798.8194115,2025/04/08 23:49:58,787.7885854244232,13.1m,1.23035567111969,0.6611
125,125,0.003905208444630326,0.36634403591156006,0.8686,1744123804.3303812,2025/04/08 23:50:04,793.2995550632477,13.2m,,
126,126,0.003888925582549005,0.36061655130386355,0.8726,1744123809.7810063,2025/04/08 23:50:09,798.7501802444458,13.3m,,
127,127,0.0038725570449953286,0.37643296966552736,0.8702,1744123815.2363777,2025/04/08 23:50:15,804.2055516242981,13.4m,,
128,128,0.003856103841657796,0.3807183170318604,0.873,1744123824.1543005,2025/04/08 23:50:24,813.1234743595123,13.6m,1.25375343875885,0.6613
129,129,0.0038395669874474905,0.39659595980644224,0.858,1744123829.6826262,2025/04/08 23:50:29,818.6518001556396,13.6m,,
130,130,0.0038229475024354753,0.3567954475402832,0.8772,1744123835.1464097,2025/04/08 23:50:35,824.1155836582184,13.7m,,
131,131,0.003806246411789871,0.36120254859924317,0.8724,1744123840.612206,2025/04/08 23:50:40,829.5813798904419,13.8m,,
132,132,0.0037894647457126173,0.3542012447357178,0.8766,1744123849.5445325,2025/04/08 23:50:49,838.513706445694,14.0m,1.2151844264030456,0.669
133,133,0.003772603539375927,0.40393383598327637,0.8592,1744123855.0573955,2025/04/08 23:50:55,844.0265693664551,14.1m,,
134,134,0.00375566383285843,0.3805760725021362,0.8586,1744123860.5038195,2025/04/08 23:51:00,849.4729933738708,14.2m,,
135,135,0.003738646671081018,0.37670783863067625,0.8638,1744123865.964629,2025/04/08 23:51:05,854.9338028430939,14.2m,,
136,136,0.003721553103742387,0.3965313688278198,0.8572,1744123874.8980887,2025/04/08 23:51:14,863.8672626018524,14.4m,1.2072942247390748,0.6714
137,137,0.0037043841852542874,0.38987011451721193,0.8584,1744123880.4157221,2025/04/08 23:51:20,869.3848960399628,14.5m,,
138,138,0.0036871409746764856,0.3826955600738525,0.8618,1744123885.8498113,2025/04/08 23:51:25,874.8189852237701,14.6m,,
139,139,0.003669824535651433,0.36910836553573606,0.8762,1744123891.2935863,2025/04/08 23:51:31,880.2627601623535,14.7m,,
140,140,0.0036524359363386554,0.32846082134246823,0.8896,1744123900.2262113,2025/04/08 23:51:40,889.1953852176666,14.8m,1.180096891975403,0.6759
141,141,0.003634976249348866,0.33361856479644775,0.881,1744123905.7128983,2025/04/08 23:51:45,894.6820721626282,14.9m,,
142,142,0.0036174465516778023,0.3412432638168335,0.8784,1744123911.166136,2025/04/08 23:51:51,900.1353099346161,15.0m,,
143,143,0.003599847924639787,0.36159313621520994,0.8716,1744123916.6133404,2025/04/08 23:51:56,905.5825142860413,15.1m,,
144,144,0.0035821814538010343,0.3569168067216873,0.8724,1744123925.539401,2025/04/08 23:52:05,914.508574962616,15.2m,1.2130326898574828,0.669
145,145,0.003564448228912681,0.2946696271419525,0.8958,1744123931.0301335,2025/04/08 23:52:11,919.9993073940277,15.3m,,
146,146,0.0035466493438435693,0.28315367970466615,0.8988,1744123936.4675064,2025/04/08 23:52:16,925.436680316925,15.4m,,
147,147,0.003528785896512771,0.263265931892395,0.9096,1744123941.9307518,2025/04/08 23:52:21,930.8999257087708,15.5m,,
148,148,0.003510858988821861,0.2974755477905273,0.8974,1744123950.8621495,2025/04/08 23:52:30,939.8313233852386,15.7m,1.1956805061340332,0.6792
149,149,0.0034928697265869503,0.31774654502868654,0.8906,1744123956.3503752,2025/04/08 23:52:36,945.3195490837097,15.8m,,
150,150,0.0034748192194704697,0.3197681348323822,0.8852,1744123961.7911987,2025/04/08 23:52:41,950.7603726387024,15.8m,,
151,151,0.0034567085809127235,0.26687533082962034,0.9092,1744123967.23863,2025/04/08 23:52:47,956.2078039646149,15.9m,,
152,152,0.0034385389280632067,0.27015603017807005,0.9054,1744123976.1460748,2025/04/08 23:52:56,965.1152486801147,16.1m,1.2401192504882812,0.6745
153,153,0.003420311381711694,0.28008110337257386,0.9026,1744123981.6332805,2025/04/08 23:53:01,970.6024544239044,16.2m,,
154,154,0.003402027066219103,0.2543031406402588,0.9146,1744123987.080843,2025/04/08 23:53:07,976.0500168800354,16.3m,,
155,155,0.0033836871094481418,0.29461192371845246,0.8974,1744123992.515004,2025/04/08 23:53:12,981.4841778278351,16.4m,,
156,156,0.0033652926426937313,0.23150324535369873,0.9256,1744124001.409649,2025/04/08 23:53:21,990.3788228034973,16.5m,1.2661536270141602,0.6767
157,157,0.003346844800613228,0.26178397750854493,0.9096,1744124006.9027517,2025/04/08 23:53:26,995.8719255924225,16.6m,,
158,158,0.0033283447211564267,0.3110119617581367,0.8924,1744124012.3405128,2025/04/08 23:53:32,1001.3096866607666,16.7m,,
159,159,0.0033097935454953725,0.25085187168121337,0.9174,1744124017.7837987,2025/04/08 23:53:37,1006.7529726028442,16.8m,,
160,160,0.0032911924179539645,0.2878643653869629,0.8978,1744124026.683238,2025/04/08 23:53:46,1015.6524119377136,16.9m,1.2851169324874878,0.6758
161,161,0.003272542485937368,0.28340988254547117,0.9016,1744124032.173112,2025/04/08 23:53:52,1021.142285823822,17.0m,,
162,162,0.003253844899861239,0.3020893104553223,0.889,1744124037.6059496,2025/04/08 23:53:57,1026.5751235485077,17.1m,,
163,163,0.0032351008130807593,0.26601546263694764,0.9026,1744124043.0568619,2025/04/08 23:54:03,1032.026035785675,17.2m,,
164,164,0.003216311381819495,0.236092516040802,0.9192,1744124051.961718,2025/04/08 23:54:11,1040.9308919906616,17.3m,1.2815369716644287,0.6761
165,165,0.0031974777650980724,0.24873731327056886,0.9146,1744124057.4609506,2025/04/08 23:54:17,1046.4301245212555,17.4m,,
166,166,0.0031786011246626856,0.29862475414276124,0.897,1744124062.9345965,2025/04/08 23:54:22,1051.9037704467773,17.5m,,
167,167,0.003159682624913431,0.2437170310974121,0.913,1744124068.3867118,2025/04/08 23:54:28,1057.3558857440948,17.6m,,
168,168,0.0031407234328324905,0.235757106590271,0.917,1744124077.297334,2025/04/08 23:54:37,1066.2665078639984,17.8m,1.2698551008224488,0.6768
169,169,0.003121724717912136,0.23103902559280395,0.9202,1744124082.8017073,2025/04/08 23:54:42,1071.7708811759949,17.9m,,
170,170,0.0031026876520825965,0.222804109954834,0.9264,1744124088.2375076,2025/04/08 23:54:48,1077.2066814899445,18.0m,,
171,171,0.0030836134096397633,0.21168877291679383,0.9266,1744124093.6832206,2025/04/08 23:54:53,1082.6523945331573,18.0m,,
172,172,0.0030645031671727592,0.2221427864074707,0.9246,1744124102.5876417,2025/04/08 23:55:02,1091.556815624237,18.2m,1.2695091522216797,0.6854
173,173,0.0030453581034913567,0.21388336906433106,0.927,1744124108.0765963,2025/04/08 23:55:08,1097.0457701683044,18.3m,,
174,174,0.003026179399553265,0.24638003787994384,0.9112,1744124113.521695,2025/04/08 23:55:13,1102.490868806839,18.4m,,
175,175,0.0030069682383912816,0.29644067468643187,0.8936,1744124118.964897,2025/04/08 23:55:18,1107.9340708255768,18.5m,,
176,176,0.002987725805040321,0.23984306297302246,0.9158,1744124127.8661735,2025/04/08 23:55:27,1116.8353474140167,18.6m,1.299018115234375,0.678
177,177,0.002968453286464312,0.2609248012542725,0.9086,1744124133.40245,2025/04/08 23:55:33,1122.37162399292,18.7m,,
178,178,0.0029491518714829814,0.20888017616271973,0.93,1744124138.8863485,2025/04/08 23:55:38,1127.8555223941803,18.8m,,
179,179,0.0029298227506985236,0.23786937103271485,0.9182,1744124144.337135,2025/04/08 23:55:44,1133.3063089847565,18.9m,,
180,180,0.0029104671164221574,0.227280659866333,0.9184,1744124153.251079,2025/04/08 23:55:53,1142.2202529907227,19.0m,1.3098012376785277,0.6816
181,181,0.0028910861626005773,0.2505472454071045,0.913,1744124158.7564604,2025/04/08 23:55:58,1147.7256343364716,19.1m,,
182,182,0.002871681084742308,0.26001971206665037,0.9098,1744124164.2171881,2025/04/08 23:56:04,1153.186362028122,19.2m,,
183,183,0.002852253079843957,0.21682187805175782,0.925,1744124169.6616302,2025/04/08 23:56:09,1158.6308040618896,19.3m,,
184,184,0.0028328033463163814,0.2547719392776489,0.9102,1744124178.563894,2025/04/08 23:56:18,1167.5330679416656,19.5m,1.2998105018615722,0.677
185,185,0.002813333083910761,0.24261852374076842,0.9152,1744124184.0575385,2025/04/08 23:56:24,1173.0267124176025,19.6m,,
186,186,0.0027938434936445942,0.2017835298538208,0.9354,1744124189.532286,2025/04/08 23:56:29,1178.5014598369598,19.6m,,
187,187,0.0027743357777276134,0.2210522349357605,0.923,1744124195.021355,2025/04/08 23:56:35,1183.9905288219452,19.7m,,
188,188,0.002754811139487625,0.23171477150917053,0.9156,1744124203.946828,2025/04/08 23:56:43,1192.9160017967224,19.9m,1.3456878479003906,0.6767
189,189,0.002735270783296285,0.19363469429016114,0.9344,1744124209.4505048,2025/04/08 23:56:49,1198.4196786880493,20.0m,,
190,190,0.002715715914494808,0.2354753523826599,0.9192,1744124214.89732,2025/04/08 23:56:54,1203.8664939403534,20.1m,,
191,191,0.0026961477393196123,0.2019262668132782,0.9302,1744124220.3514616,2025/04/08 23:57:00,1209.3206355571747,20.2m,,
192,192,0.0026765674648279165,0.17765682773590089,0.9386,1744124229.2818286,2025/04/08 23:57:09,1218.2510025501251,20.3m,1.31206667137146,0.6822
193,193,0.0026569762988232835,0.21125937728881836,0.9274,1744124234.8091588,2025/04/08 23:57:14,1223.778332710266,20.4m,,
194,194,0.0026373754497811147,0.21764553337097167,0.9278,1744124240.2506664,2025/04/08 23:57:20,1229.2198402881622,20.5m,,
195,195,0.0026177661267741065,0.24240722694396974,0.9112,1744124245.704072,2025/04/08 23:57:25,1234.6732459068298,20.6m,,
196,196,0.0025981495393976716,0.19915105547904968,0.9356,1744124254.6256258,2025/04/08 23:57:34,1243.5947997570038,20.7m,1.3319286548614502,0.6791
197,197,0.0025785268976953207,0.16579411363601684,0.9432,1744124260.1557903,2025/04/08 23:57:40,1249.1249642372131,20.8m,,
198,198,0.002558899412084026,0.16256101388931274,0.946,1744124265.6095,2025/04/08 23:57:45,1254.578673839569,20.9m,,
199,199,0.002539268293279552,0.18251544094085692,0.9398,1744124271.0725467,2025/04/08 23:57:51,1260.0417206287384,21.0m,,
200,200,0.0025196347522217786,0.19581967391967772,0.9318,1744124280.0085359,2025/04/08 23:58:00,1268.9777097702026,21.1m,1.3647348924636842,0.6754
201,201,0.0025000000000000005,0.19358432178497315,0.9366,1744124285.5251534,2025/04/08 23:58:05,1274.4943273067474,21.2m,,
202,202,0.0024803652477782224,0.19134772090911864,0.9348,1744124290.9893339,2025/04/08 23:58:10,1279.9585077762604,21.3m,,
203,203,0.0024607317067204494,0.19100550804138183,0.9332,1744124296.4254076,2025/04/08 23:58:16,1285.3945815563202,21.4m,,
204,204,0.0024411005879159753,0.18952609939575196,0.932,1744124305.3716204,2025/04/08 23:58:25,1294.3407943248749,21.6m,1.367964882659912,0.6778
205,205,0.0024214731023046803,0.1788756060600281,0.9384,1744124310.9020138,2025/04/08 23:58:30,1299.8711876869202,21.7m,,
206,206,0.0024018504606023294,0.1741995173573494,0.9428,1744124316.392746,2025/04/08 23:58:36,1305.3619198799133,21.8m,,
207,207,0.0023822338732258945,0.14584974937438966,0.9524,1744124321.8685672,2025/04/08 23:58:41,1310.837741136551,21.8m,,
208,208,0.0023626245502188867,0.20662781085968018,0.9284,1744124330.8027446,2025/04/08 23:58:50,1319.7719185352325,22.0m,1.337321682357788,0.6831
209,209,0.0023430237011767175,0.21626210021972656,0.9238,1744124336.326695,2025/04/08 23:58:56,1325.2958688735962,22.1m,,
210,210,0.002323432535172084,0.2105205611228943,0.93,1744124341.831149,2025/04/08 23:59:01,1330.800323009491,22.2m,,
211,211,0.0023038522606803886,0.17607084045410157,0.9454,1744124347.3603292,2025/04/08 23:59:07,1336.3295030593872,22.3m,,
212,212,0.0022842840855051925,0.22201964931488036,0.9204,1744124356.3445196,2025/04/08 23:59:16,1345.313693523407,22.4m,1.369968016052246,0.68
213,213,0.0022647292167037145,0.18811725478172303,0.9364,1744124361.8810673,2025/04/08 23:59:21,1350.8502411842346,22.5m,,
214,214,0.002245188860512375,0.17563488063812255,0.9414,1744124367.3972406,2025/04/08 23:59:27,1356.3664145469666,22.6m,,
215,215,0.0022256642222723867,0.18826501331329346,0.9338,1744124372.8445256,2025/04/08 23:59:32,1361.8136994838715,22.7m,,
216,216,0.002206156506355406,0.1704642002105713,0.9452,1744124381.7603862,2025/04/08 23:59:41,1370.729560136795,22.8m,1.366126080417633,0.6768
217,217,0.0021866669160892395,0.15564785919189453,0.9504,1744124387.2936068,2025/04/08 23:59:47,1376.2627806663513,22.9m,,
218,218,0.0021671966536836195,0.15891194877624512,0.948,1744124392.7935045,2025/04/08 23:59:52,1381.7626783847809,23.0m,,
219,219,0.002147746920156044,0.17196422147750853,0.9426,1744124398.258568,2025/04/08 23:59:58,1387.2277419567108,23.1m,,
220,220,0.0021283189152576927,0.13894210324287415,0.9562,1744124407.1928804,2025/04/09 00:00:07,1396.1620543003082,23.3m,1.3857457365989685,0.6751
221,221,0.0021089138373994233,0.13232437915802,0.9616,1744124412.728521,2025/04/09 00:00:12,1401.697695016861,23.4m,,
222,222,0.0020895328835778427,0.1466242010116577,0.952,1744124418.2060235,2025/04/09 00:00:18,1407.1751973628998,23.5m,,
223,223,0.002070177249301476,0.15846198177337648,0.9502,1744124423.6594434,2025/04/09 00:00:23,1412.6286172866821,23.5m,,
224,224,0.0020508481285170187,0.17219543867111206,0.943,1744124432.5677025,2025/04/09 00:00:32,1421.5368764400482,23.7m,1.3859116494178771,0.6749
225,225,0.002031546713535689,0.1586545182943344,0.9456,1744124438.0613325,2025/04/09 00:00:38,1427.0305063724518,23.8m,,
226,226,0.00201227419495968,0.1298758399963379,0.9612,1744124443.5334074,2025/04/09 00:00:43,1432.502581357956,23.9m,,
227,227,0.0019930317616087194,0.15888904457092284,0.9482,1744124448.9890237,2025/04/09 00:00:48,1437.958197593689,24.0m,,
228,228,0.001973820600446737,0.17472262210845949,0.94,1744124457.8974292,2025/04/09 00:00:57,1446.8666031360626,24.1m,1.3878218648910523,0.6831
229,229,0.0019546418965086447,0.16197831630706788,0.949,1744124463.4130921,2025/04/09 00:01:03,1452.3822660446167,24.2m,,
230,230,0.001935496832827242,0.15189770555496215,0.9486,1744124468.872541,2025/04/09 00:01:08,1457.8417148590088,24.3m,,
231,231,0.0019163865903602366,0.13438695631027223,0.9568,1744124474.314629,2025/04/09 00:01:14,1463.283802986145,24.4m,,
232,232,0.0018973123479174036,0.13350986585617067,0.9578,1744124483.2832925,2025/04/09 00:01:23,1472.2524664402008,24.5m,1.392275464439392,0.6823
233,233,0.0018782752820878633,0.13995231971740724,0.9562,1744124488.8083858,2025/04/09 00:01:28,1477.7775597572327,24.6m,,
234,234,0.0018592765671675085,0.1398365608215332,0.954,1744124494.2416837,2025/04/09 00:01:34,1483.210857629776,24.7m,,
235,235,0.001840317375086568,0.16077415561676026,0.9474,1744124499.6687317,2025/04/09 00:01:39,1488.6379055976868,24.8m,,
236,236,0.001821398875337315,0.1697408540725708,0.939,1744124508.5509462,2025/04/09 00:01:48,1497.5201201438904,25.0m,1.4006879995346069,0.6836
237,237,0.0018025222349019275,0.15652561721801758,0.9466,1744124514.0614803,2025/04/09 00:01:54,1503.0306541919708,25.1m,,
238,238,0.001783688618180505,0.16282872009277344,0.9434,1744124519.498209,2025/04/09 00:01:59,1508.4673829078674,25.1m,,
239,239,0.0017648991869192408,0.1538329514980316,0.9484,1744124524.9307723,2025/04/09 00:02:04,1513.8999462127686,25.2m,,
240,240,0.0017461551001387618,0.12664328889846801,0.9582,1744124533.8504987,2025/04/09 00:02:13,1522.8196725845337,25.4m,1.3896614303588868,0.6807
241,241,0.0017274575140626325,0.13062976388931274,0.9558,1744124539.3432775,2025/04/09 00:02:19,1528.3124513626099,25.5m,,
242,242,0.001708807582046035,0.13582077603340148,0.9576,1744124544.81481,2025/04/09 00:02:24,1533.7839839458466,25.6m,,
243,243,0.0016902064545046267,0.12259847996234893,0.9632,1744124550.316246,2025/04/09 00:02:30,1539.2854199409485,25.7m,,
244,244,0.0016716552788435728,0.11422564334869385,0.9666,1744124559.2197015,2025/04/09 00:02:39,1548.1888754367828,25.8m,1.3826578762054442,0.6853
245,245,0.001653155199386772,0.126356019115448,0.9618,1744124564.7167194,2025/04/09 00:02:44,1553.6858932971954,25.9m,,
246,246,0.001634707357306268,0.1193794813156128,0.9616,1744124570.1739268,2025/04/09 00:02:50,1559.1431007385254,26.0m,,
247,247,0.001616312890551858,0.10947768452763558,0.9668,1744124575.6355252,2025/04/09 00:02:55,1564.6046991348267,26.1m,,
248,248,0.0015979729337808962,0.09839276332855225,0.9714,1744124584.5789971,2025/04/09 00:03:04,1573.548171043396,26.2m,1.416259764766693,0.6845
249,249,0.0015796886182883059,0.11779130001068115,0.9638,1744124590.1114295,2025/04/09 00:03:10,1579.0806033611298,26.3m,,
250,250,0.001561461071936793,0.10219834976196289,0.9702,1744124595.5848007,2025/04/09 00:03:15,1584.5539746284485,26.4m,,
251,251,0.0015432914190872766,0.11499579524993897,0.9644,1744124601.0453005,2025/04/09 00:03:21,1590.0144743919373,26.5m,,
252,252,0.0015251807805295296,0.13211679916381835,0.9594,1744124609.961661,2025/04/09 00:03:29,1598.9308350086212,26.6m,1.4198774080276488,0.6846
253,253,0.0015071302734130485,0.12492176055908204,0.957,1744124615.5131125,2025/04/09 00:03:35,1604.482286453247,26.7m,,
254,254,0.0014891410111781379,0.12027301349639892,0.963,1744124620.9952774,2025/04/09 00:03:40,1609.9644513130188,26.8m,,
255,255,0.0014712141034872285,0.11901191205978394,0.9628,1744124626.4470472,2025/04/09 00:03:46,1615.4162211418152,26.9m,,
256,256,0.00145335065615643,0.10044142820835114,0.9708,1744124635.386987,2025/04/09 00:03:55,1624.3561608791351,27.1m,1.3758029233932496,0.6933
257,257,0.0014355517710873188,0.10228242454528809,0.9706,1744124640.8854334,2025/04/09 00:04:00,1629.8546073436737,27.2m,,
258,258,0.0014178185461989656,0.10698780126571655,0.971,1744124646.3358757,2025/04/09 00:04:06,1635.3050496578217,27.3m,,
259,259,0.0014001520753602124,0.12360178499221802,0.9618,1744124651.7760608,2025/04/09 00:04:11,1640.7452347278595,27.3m,,
260,260,0.0013825534483221978,0.12777403030395507,0.957,1744124660.717236,2025/04/09 00:04:20,1649.6864099502563,27.5m,1.392294864845276,0.6891
261,261,0.0013650237506511336,0.10429510269165039,0.967,1744124666.2171981,2025/04/09 00:04:26,1655.1863720417023,27.6m,,
262,262,0.0013475640636613452,0.10390338878631591,0.9658,1744124671.681667,2025/04/09 00:04:31,1660.650840997696,27.7m,,
263,263,0.0013301754643485675,0.12625740175247194,0.9618,1744124677.1272805,2025/04/09 00:04:37,1666.0964543819427,27.8m,,
264,264,0.0013128590253235135,0.13879088492393493,0.9564,1744124686.041597,2025/04/09 00:04:46,1675.0107707977295,27.9m,1.4240275269508362,0.6864
265,265,0.001295615814745712,0.09579163761138916,0.9716,1744124691.554058,2025/04/09 00:04:51,1680.5232319831848,28.0m,,
266,266,0.001278446896257613,0.10991305570602417,0.964,1744124697.0177836,2025/04/09 00:04:57,1685.9869575500488,28.1m,,
267,267,0.0012613533289189817,0.11526425142288207,0.9606,1744124702.510756,2025/04/09 00:05:02,1691.4799299240112,28.2m,,
268,268,0.0012443361671415694,0.10595990009307861,0.9652,1744124711.4435132,2025/04/09 00:05:11,1700.4126870632172,28.3m,1.413632527256012,0.6882
269,269,0.0012273964606240725,0.12154856643676758,0.9606,1744124716.9604833,2025/04/09 00:05:16,1705.9296572208405,28.4m,,
270,270,0.0012105352542873824,0.09437769947052002,0.9714,1744124722.4048243,2025/04/09 00:05:22,1711.3739981651306,28.5m,,
271,271,0.001193753588210129,0.09586852722167968,0.97,1744124727.847039,2025/04/09 00:05:27,1716.8162128925323,28.6m,,
272,272,0.0011770524975645248,0.09906216487884521,0.9716,1744124736.7876084,2025/04/09 00:05:36,1725.7567822933197,28.8m,1.4313539863586426,0.6851
273,273,0.0011604330125525087,0.10034746263027192,0.9672,1744124742.290857,2025/04/09 00:05:42,1731.2600309848785,28.9m,,
274,274,0.0011438961583422036,0.09314143323898315,0.9744,1744124747.771169,2025/04/09 00:05:47,1736.7403428554535,28.9m,,
275,275,0.001127442955004671,0.10164915661811828,0.968,1744124753.2778313,2025/04/09 00:05:53,1742.247005224228,29.0m,,
276,276,0.001111074417450995,0.10186588482856751,0.967,1744124762.2074897,2025/04/09 00:06:02,1751.1766636371613,29.2m,1.4233774822235108,0.6869
277,277,0.001094791555369674,0.09389102506637573,0.9712,1744124767.7267423,2025/04/09 00:06:07,1756.6959161758423,29.3m,,
278,278,0.0010785953731643407,0.10156954412460327,0.9696,1744124773.1740854,2025/04/09 00:06:13,1762.1432592868805,29.4m,,
279,279,0.0010624868698918043,0.08832573947906494,0.9728,1744124778.6180506,2025/04/09 00:06:18,1767.58722448349,29.5m,,
280,280,0.0010464670392004243,0.10730827150344849,0.9676,1744124787.562631,2025/04/09 00:06:27,1776.5318048000336,29.6m,1.442552289390564,0.6853
281,281,0.0010305368692688183,0.11067055854797363,0.966,1744124793.0620687,2025/04/09 00:06:33,1782.031242609024,29.7m,,
282,282,0.0010146973427449047,0.1014044644355774,0.9698,1744124798.5188699,2025/04/09 00:06:38,1787.4880437850952,29.8m,,
283,283,0.000998949436685291,0.0954873221874237,0.9718,1744124803.9726374,2025/04/09 00:06:43,1792.941811323166,29.9m,,
284,284,0.0009832941224950011,0.0939431752204895,0.9724,1744124812.9145057,2025/04/09 00:06:52,1801.8836796283722,30.0m,1.413121572113037,0.6863
285,285,0.0009677323658675592,0.08648168573379517,0.9744,1744124818.4801476,2025/04/09 00:06:58,1807.4493215084076,30.1m,,
286,286,0.0009522651267254155,0.09159098839759827,0.9732,1744124823.9789135,2025/04/09 00:07:03,1812.9480874538422,30.2m,,
287,287,0.0009368933591607377,0.08952918529510498,0.9712,1744124829.4663477,2025/04/09 00:07:09,1818.4355216026306,30.3m,,
288,288,0.0009216180113765564,0.09592400089502334,0.9712,1744124838.4147892,2025/04/09 00:07:18,1827.3839631080627,30.5m,1.4194521001815796,0.6886
289,289,0.0009064400256282764,0.08335925645828247,0.9766,1744124843.9451234,2025/04/09 00:07:23,1832.9142973423004,30.5m,,
290,290,0.0008913603381655535,0.09125225029587745,0.9722,1744124849.4334397,2025/04/09 00:07:29,1838.4026136398315,30.6m,,
291,291,0.0008763798791745419,0.0838354875087738,0.9766,1744124854.8852136,2025/04/09 00:07:34,1843.8543875217438,30.7m,,
292,292,0.0008614995727205162,0.07131384139060974,0.9812,1744124863.7641568,2025/04/09 00:07:43,1852.7333307266235,30.9m,1.435351650238037,0.6865
293,293,0.0008467203366908715,0.0723391212940216,0.98,1744124869.2654781,2025/04/09 00:07:49,1858.234652042389,31.0m,,
294,294,0.0008320430827385019,0.0820891294836998,0.9756,1744124874.7070131,2025/04/09 00:07:54,1863.6761870384216,31.1m,,
295,295,0.0008174687162255671,0.08010173270702362,0.9778,1744124880.1770403,2025/04/09 00:08:00,1869.1462142467499,31.2m,,
296,296,0.0008029981361676462,0.08199181909561157,0.977,1744124889.147367,2025/04/09 00:08:09,1878.1165409088135,31.3m,1.4243008769989014,0.6888
297,297,0.0007886322351782789,0.07296837060451508,0.9794,1744124894.7034273,2025/04/09 00:08:14,1883.672601222992,31.4m,,
298,298,0.0007743718994139078,0.07183371958732605,0.9774,1744124900.2046154,2025/04/09 00:08:20,1889.1737892627716,31.5m,,
299,299,0.000760218008519215,0.07397275161743164,0.9808,1744124905.6914651,2025/04/09 00:08:25,1894.6606390476227,31.6m,,
300,300,0.0007461714355728614,0.07685800309181214,0.978,1744124914.670066,2025/04/09 00:08:34,1903.639240026474,31.7m,1.4458162940979005,0.6878
301,301,0.000732233047033632,0.07326864757537842,0.9806,1744124920.2153854,2025/04/09 00:08:40,1909.1845593452454,31.8m,,
302,302,0.0007184037026869872,0.0713681827545166,0.982,1744124925.7100625,2025/04/09 00:08:45,1914.6792364120483,31.9m,,
303,303,0.0007046842555920288,0.08253283214569092,0.9774,1744124931.2158182,2025/04/09 00:08:51,1920.1849920749664,32.0m,,
304,304,0.0006910755520288774,0.07722397165298461,0.9806,1744124940.184074,2025/04/09 00:09:00,1929.153247833252,32.2m,1.455692088508606,0.6886
305,305,0.0006775784314464722,0.06930645809173584,0.9818,1744124945.737565,2025/04/09 00:09:05,1934.706738948822,32.2m,,
306,306,0.0006641937264107863,0.06936899123191834,0.9804,1744124951.2573738,2025/04/09 00:09:11,1940.226547718048,32.3m,,
307,307,0.000650922262553476,0.07330163229703904,0.9792,1744124956.7368338,2025/04/09 00:09:16,1945.70600771904,32.4m,,
308,308,0.0006377648585209452,0.0669091724395752,0.9824,1744124965.691739,2025/04/09 00:09:25,1954.66091299057,32.6m,1.4462115498542785,0.6909
309,309,0.0006247223259238515,0.06768999886512757,0.9806,1744124971.2237859,2025/04/09 00:09:31,1960.1929597854614,32.7m,,
310,310,0.0006117954692870416,0.06525827960968017,0.9836,1744124976.706945,2025/04/09 00:09:36,1965.676118850708,32.8m,,
311,311,0.000598985085999923,0.07040428109169006,0.9782,1744124982.2007542,2025/04/09 00:09:42,1971.169928073883,32.9m,,
312,312,0.0005862919662672803,0.06961302919387817,0.979,1744124991.1155958,2025/04/09 00:09:51,1980.0847697257996,33.0m,1.4332059888362885,0.6956
313,313,0.0005737168930605275,0.07407028698921203,0.9788,1744124996.655051,2025/04/09 00:09:56,1985.6242249011993,33.1m,,
314,314,0.0005612606420694145,0.06612863759994507,0.9818,1744125002.1425886,2025/04/09 00:10:02,1991.1117625236511,33.2m,,
315,315,0.0005489239816541764,0.0640878348350525,0.9842,1744125007.6225624,2025/04/09 00:10:07,1996.591736316681,33.3m,,
316,316,0.0005367076727981377,0.06484712352752686,0.9816,1744125016.5542872,2025/04/09 00:10:16,2005.5234611034393,33.4m,1.4696558176994323,0.6899
317,317,0.0005246124690607743,0.06354709796905518,0.9854,1744125022.158075,2025/04/09 00:10:22,2011.1272490024567,33.5m,,
318,318,0.0005126391165312253,0.07459037256240844,0.978,1744125027.6773684,2025/04/09 00:10:27,2016.6465423107147,33.6m,,
319,319,0.0005007883537822738,0.06872862355336547,0.983,1744125033.2234826,2025/04/09 00:10:33,2022.1926565170288,33.7m,,
320,320,0.0004890609118247891,0.06874008841514588,0.982,1744125042.1683633,2025/04/09 00:10:42,2031.137537240982,33.9m,1.4532334173202515,0.6923
321,321,0.00047745751406263196,0.06651335153579711,0.9806,1744125047.7395277,2025/04/09 00:10:47,2036.7087016105652,33.9m,,
322,322,0.00046597887624803304,0.07082043671607971,0.9798,1744125053.2270255,2025/04/09 00:10:53,2042.1961994171143,34.0m,,
323,323,0.00045462570643744213,0.06354498739242553,0.9826,1744125058.729203,2025/04/09 00:10:58,2047.6983768939972,34.1m,,
324,324,0.00044339870494785114,0.06484870085716248,0.9834,1744125067.7316487,2025/04/09 00:11:07,2056.7008225917816,34.3m,1.479420970916748,0.6829
325,325,0.0004322985643135961,0.0648533413887024,0.9838,1744125073.333274,2025/04/09 00:11:13,2062.302447795868,34.4m,,
326,326,0.00042132596924363783,0.06823348431587219,0.9822,1744125078.8116133,2025/04/09 00:11:18,2067.780787229538,34.5m,,
327,327,0.00041048159657932525,0.07086595640182496,0.9814,1744125084.292283,2025/04/09 00:11:24,2073.2614569664,34.6m,,
328,328,0.0003997661152526456,0.06838004187643527,0.9806,1744125093.2332087,2025/04/09 00:11:33,2082.2023825645447,34.7m,1.4610372738838195,0.6914
329,329,0.00038918018624496323,0.0626204252243042,0.9842,1744125098.7791848,2025/04/09 00:11:38,2087.7483587265015,34.8m,,
330,330,0.00037872446254624137,0.05498660230636597,0.9868,1744125104.329329,2025/04/09 00:11:44,2093.298502922058,34.9m,,
331,331,0.0003683995891147704,0.057806034898757935,0.9854,1744125109.8144088,2025/04/09 00:11:49,2098.783582687378,35.0m,,
332,332,0.0003582062028373764,0.055680540132522584,0.986,1744125118.7689154,2025/04/09 00:11:58,2107.738089323044,35.1m,1.457294238471985,0.6895
333,333,0.0003481449324901409,0.0646802270412445,0.9828,1744125124.3463984,2025/04/09 00:12:04,2113.3155722618103,35.2m,,
334,334,0.00033821639869961284,0.0600601279258728,0.9834,1744125129.8173003,2025/04/09 00:12:09,2118.7864742279053,35.3m,,
335,335,0.000328421213904522,0.05466229190826416,0.9878,1744125135.295466,2025/04/09 00:12:15,2124.264639854431,35.4m,,
336,336,0.00031875998231800786,0.06075094919204712,0.9836,1744125144.21333,2025/04/09 00:12:24,2133.182503938675,35.6m,1.4489821388244628,0.6933
337,337,0.0003092332998903413,0.06793510789871215,0.981,1744125149.7341602,2025/04/09 00:12:29,2138.703334093094,35.6m,,
338,338,0.00029984175427217094,0.0593933385848999,0.9832,1744125155.2378733,2025/04/09 00:12:35,2144.207047224045,35.7m,,
339,339,0.0002905859247782666,0.054827508640289305,0.986,1744125160.7181287,2025/04/09 00:12:40,2149.6873025894165,35.8m,,
340,340,0.00028146638235179266,0.0622944540977478,0.984,1744125169.6410236,2025/04/09 00:12:49,2158.610197544098,36.0m,1.4654904266357422,0.6896
341,341,0.0002724836895290808,0.05686286926269531,0.9842,1744125175.1888125,2025/04/09 00:12:55,2164.1579864025116,36.1m,,
342,342,0.0002636384004049383,0.05717473349571228,0.9846,1744125180.6479325,2025/04/09 00:13:00,2169.617106437683,36.2m,,
343,343,0.00025493106059846143,0.05782720736563206,0.9832,1744125186.1014037,2025/04/09 00:13:06,2175.07057762146,36.3m,,
344,344,0.00024636220721938577,0.05676620421409607,0.986,1744125195.0161567,2025/04/09 00:13:15,2183.985330581665,36.4m,1.4636359531402587,0.6913
345,345,0.00023793236883495186,0.057196466588973996,0.9844,1744125200.5484366,2025/04/09 00:13:20,2189.5176105499268,36.5m,,
346,346,0.00022964206543729684,0.05963830528259277,0.9832,1744125206.002926,2025/04/09 00:13:26,2194.972100019455,36.6m,,
347,347,0.00022149180841138757,0.05273933718204498,0.987,1744125211.4798853,2025/04/09 00:13:31,2200.4490592479706,36.7m,,
348,348,0.00021348210050346617,0.05553130714893341,0.9862,1744125220.4421494,2025/04/09 00:13:40,2209.4113233089447,36.8m,1.4547193868637085,0.6916
349,349,0.00020561343579004793,0.05563534860610962,0.986,1744125225.9872475,2025/04/09 00:13:45,2214.9564213752747,36.9m,,
350,350,0.00019788629964743475,0.05845963079929352,0.9856,1744125231.448353,2025/04/09 00:13:51,2220.417526960373,37.0m,,
351,351,0.00019030116872178392,0.0516808030128479,0.9868,1744125236.906434,2025/04/09 00:13:56,2225.8756079673767,37.1m,,
352,352,0.00018285851089969822,0.05664484076499939,0.9874,1744125245.8525476,2025/04/09 00:14:05,2234.8217215538025,37.2m,1.4610437456130982,0.6948
353,353,0.00017555878527937183,0.051153938150405885,0.9878,1744125251.3720515,2025/04/09 00:14:11,2240.341225385666,37.3m,,
354,354,0.00016840244214226521,0.05426956329345703,0.9888,1744125256.8671505,2025/04/09 00:14:16,2245.836324453354,37.4m,,
355,355,0.00016138992292533174,0.05136488974094391,0.988,1744125262.3132212,2025/04/09 00:14:22,2251.2823951244354,37.5m,,
356,356,0.00015452166019379006,0.051412006604671476,0.9858,1744125271.3106182,2025/04/09 00:14:31,2260.279792070389,37.7m,1.4559249464035033,0.695
357,357,0.00014779807761443654,0.05132533221244812,0.9866,1744125276.8351877,2025/04/09 00:14:36,2265.8043615818024,37.8m,,
358,358,0.00014121958992951644,0.05427227301597595,0.9862,1744125282.3322203,2025/04/09 00:14:42,2271.301394224167,37.9m,,
359,359,0.00013478660293113692,0.05930200052261352,0.985,1744125287.8035443,2025/04/09 00:14:47,2276.772718191147,37.9m,,
360,360,0.00012849951343623894,0.0515023316860199,0.985,1744125296.7775903,2025/04/09 00:14:56,2285.7467641830444,38.1m,1.464229084777832,0.6919
361,361,0.00012235870926211633,0.05769701933860779,0.9844,1744125302.2872653,2025/04/09 00:15:02,2291.2564392089844,38.2m,,
362,362,0.00011636456920249715,0.054040335416793824,0.988,1744125307.7332692,2025/04/09 00:15:07,2296.7024431228638,38.3m,,
363,363,0.00011051746300417483,0.05632622799873352,0.9834,1744125313.2133565,2025/04/09 00:15:13,2302.182530403137,38.4m,,
364,364,0.00010481775134420209,0.05194832334518432,0.9872,1744125322.1803699,2025/04/09 00:15:22,2311.149543762207,38.5m,1.466431251144409,0.6929
365,365,0.00009926578580764274,0.05396057872772217,0.9866,1744125327.72297,2025/04/09 00:15:27,2316.6921439170837,38.6m,,
366,366,0.00009386190886588193,0.04637083201408386,0.9894,1744125333.1779356,2025/04/09 00:15:33,2322.1471095085144,38.7m,,
367,367,0.0000886064538555052,0.048218460416793826,0.9878,1744125338.6525328,2025/04/09 00:15:38,2327.621706724167,38.8m,,
368,368,0.00008349974495773194,0.05613293995857239,0.984,1744125347.5939364,2025/04/09 00:15:47,2336.5631103515625,38.9m,1.4724500047683715,0.6926
369,369,0.00007854209717842269,0.04967996220588684,0.9892,1744125353.1275094,2025/04/09 00:15:53,2342.0966832637787,39.0m,,
370,370,0.00007373381632864393,0.05737642722129822,0.985,1744125358.590312,2025/04/09 00:15:58,2347.559485912323,39.1m,,
371,371,0.00006907519900580868,0.044526690769195555,0.9918,1744125364.0619576,2025/04/09 00:16:04,2353.031131505966,39.2m,,
372,372,0.00006456653257537671,0.04948527200222015,0.9876,1744125372.9868486,2025/04/09 00:16:12,2361.956022500992,39.4m,1.4713714948654175,0.6924
373,373,0.00006020809515313175,0.05404131178855896,0.9868,1744125378.5194194,2025/04/09 00:16:18,2367.48859333992,39.5m,,
374,374,0.00005600015558802357,0.04601589460372925,0.9904,1744125383.9807117,2025/04/09 00:16:23,2372.9498856067657,39.5m,,
375,375,0.0000519429734455854,0.052995198440551755,0.986,1744125389.4414082,2025/04/09 00:16:29,2378.4105820655823,39.6m,,
376,376,0.00004803679899192397,0.05413286743164063,0.9864,1744125398.4007938,2025/04/09 00:16:38,2387.369967699051,39.8m,1.466152698135376,0.6939
377,377,0.00004428187317827824,0.053210550785064696,0.9878,1744125403.9125917,2025/04/09 00:16:43,2392.881765604019,39.9m,,
378,378,0.00004067842762616046,0.04931340842247009,0.9882,1744125409.3713884,2025/04/09 00:16:49,2398.3405623435974,40.0m,,
379,379,0.00003722668461306537,0.05067617869377136,0.9874,1744125414.8206615,2025/04/09 00:16:54,2403.7898354530334,40.1m,,
380,380,0.00003392685705876145,0.05062248911857605,0.9874,1744125423.770696,2025/04/09 00:17:03,2412.7398698329926,40.2m,1.4570882625579833,0.6941
381,381,0.000030779148512155886,0.048716681432724,0.9876,1744125429.2897358,2025/04/09 00:17:09,2418.258909702301,40.3m,,
382,382,0.00002778375313873874,0.044603556466102603,0.991,1744125434.7764072,2025/04/09 00:17:14,2423.745581150055,40.4m,,
383,383,0.000024940855708606185,0.05031822824478149,0.99,1744125440.2902675,2025/04/09 00:17:20,2429.2594413757324,40.5m,,
384,384,0.00002225063158506321,0.04589096341133118,0.9886,1744125449.2490292,2025/04/09 00:17:29,2438.2182030677795,40.6m,1.448602516555786,0.6952
385,385,0.000019713246713805607,0.04966910667419434,0.988,1744125454.760257,2025/04/09 00:17:34,2443.729430913925,40.7m,,
386,386,0.000017328857612684283,0.047724025297164914,0.988,1744125460.247283,2025/04/09 00:17:40,2449.216456890106,40.8m,,
387,387,0.000015097611362051026,0.04829057002067566,0.9876,1744125465.6950986,2025/04/09 00:17:45,2454.664272546768,40.9m,,
388,388,0.000013019645595683816,0.050602131640911104,0.9862,1744125474.639742,2025/04/09 00:17:54,2463.6089158058167,41.1m,1.4607227014541626,0.6933
389,389,0.00001109508849230002,0.05117601692676544,0.988,1744125480.207107,2025/04/09 00:18:00,2469.176280975342,41.2m,,
390,390,9.324058767646867e-6,0.051046142435073855,0.9892,1744125485.6580238,2025/04/09 00:18:05,2474.627197742462,41.2m,,
391,391,7.706665667180098e-6,0.0500553817987442,0.9876,1744125491.1091263,2025/04/09 00:18:11,2480.0783002376556,41.3m,,
392,392,6.243008959324898e-6,0.0469789083480835,0.9894,1744125500.0736585,2025/04/09 00:18:20,2489.0428323745728,41.5m,1.4597539155960082,0.6938
393,393,4.933178929321108e-6,0.05049140868186951,0.9874,1744125505.6372814,2025/04/09 00:18:25,2494.6064553260803,41.6m,,
394,394,3.7772563736551735e-6,0.05175068917274475,0.9888,1744125511.097159,2025/04/09 00:18:31,2500.0663328170776,41.7m,,
395,395,2.7753125950752445e-6,0.048381538820266724,0.9876,1744125516.55188,2025/04/09 00:18:36,2505.521053791046,41.8m,,
396,396,1.92740939819275e-6,0.052145077902078625,0.9882,1744125525.4805717,2025/04/09 00:18:45,2514.44974565506,41.9m,1.4762868671417235,0.6886
397,397,1.2335990856710014e-6,0.05034638593196869,0.988,1744125530.995833,2025/04/09 00:18:50,2519.965006828308,42.0m,,
398,398,6.939244549986076e-7,0.05016996731758118,0.9858,1744125536.4595647,2025/04/09 00:18:56,2525.428738594055,42.1m,,
399,399,3.0841879584853106e-7,0.050146890878677366,0.9874,1744125541.9186018,2025/04/09 00:19:01,2530.887775659561,42.2m,,
400,400,7.710588802584138e-8,0.05006795768737793,0.9884,1744125550.8740041,2025/04/09 00:19:10,2539.8431780338287,42.3m,1.4461027717113495,0.6945
